14
11
16
13
13
18
11
19
8
18
9
24
4
26
2
26
4
24
7
21
9
16
15
14
15
12
6
21
23
5
24
3
1
27
28
1
25
6
21
9
20
10
17
13
13
18
11
17
10
23
4
25
2
2
25
3
25
5
23
6
20
10
18
13
15
4
22
19
8
22
6
2
26
27
1
26
4
24
6
21
9
19
11
16
14
13
17
11
20
7
23
4
13
15
1
26
2
25
5
23
7
20
11
17
5
22
17
10
19
10
20
6
25
3
1
26
1
26
2
25
5
24
7
19
12
15
14
14
16
12
19
8
10
17
24
3
27
2
27
2
24
8
19
3
26
11
16
14
13
17
11
21
6
20
7
1
27
26
3
24
7
22
7
20
10
16
14
14
18
9
11
17
23
6
23
3
27
28
4
24
1
26
9
18
13
13
17
11
20
8
20
7
25
2
2
27
26
4
23
6
22
8
20
10
17
14
13
9
18
21
6
23
5
5
22
2
26
1
26
2
25
8
19
10
18
13
14
17
11
18
9
22
5
26
2
2
26
27
3
24
6
22
6
21
10
17
6
22
16
12
18
7
4
25
23
4
28
26
4
24
7
20
10
18
12
15
16
11
18
11
20
6
14
14
27
27
2
26
6
22
8
19
5
23
13
13
16
19
21
22
5
24
2
2
27
27
4
23
7
20
9
18
13
14
16
13
17
9
13
14
24
4
28
27
3
24
6
21
6
22
11
17
14
13
27
19
9
22
4
26
1
2
27
1
26
4
23
7
21
9
19
12
14
15
14
11
15
21
12
18
4
2
25
2
26
2
25
4
23
8
19
12
17
13
13
18
10
20
7
23
4
26
1
2
27
26
4
23
8
21
10
17
12
14
13
15
17
10
21
7
6
22
27
27
1
26
5
23
8
19
11
17
13
14
16
11
19
9
21
5
17
13
26
27
3
23
8
21
9
18
9
19
14
13
18
9
5
23
23
4
27
1
27
3
24
5
21
9
20
10
17
14
13
17
11
20
7
16
12
24
4
26
2
26
4
23
6
21
8
19
13
16
15
11
4
24
20
8
23
4
25
1
1
32
23
5
22
8
19
12
15
15
13
17
11
15
12
22
5
24
4
27
1
26
4
23
7
21
10
17
13
15
3
24
18
9
22
7
23
3
1
26
1
27
1
26
4
